1,753648 -0,9324424 3,802443 0
2,589065 3,392318 -0,5223181 0
2,600014 -1,202215 4,072216 0
3,684762 2,278246 0,5917543 0
1,588245 0,919185 1,950815 0
3,387826 1,16193 1,70807 0
1,164245 2,033775 0,8362252 0
3,634704 -0,3466219 3,216622 0
4,374553 -0,9096566 3,779657 0
3,740478 0,9378972 1,932103 0
4,345263 0,7760118 2,093989 0
1,804883 1,465408 1,404592 0
1,435483 2,633836 0,2361647 0
3,193733 -0,3230455 3,193046 0
0,275273 1,111736 1,758265 0
1,648005 2,50781 0,3621902 1
1,343286 2,470129 0,399871 1
2,587226 2,383631 0,4863694 0
4,368345 1,146502 1,723498 0
3,545434 1,19923 1,67077 0
3,243726 -1,18858 4,05858 0
3,0202 2,323438 0,5465626 0
3,506016 -0,2123108 3,082311 0
2,051095 1,151665 1,718335 0
2,623049 -2,619851 5,489851 0
3,889928 2,911855 -0,04185444 0
2,334313 -0,5461656 3,416166 0
4,378697 1,627743 1,242257 0
0,6704232 1,674962 1,195038 0
2,278976 -0,6846952 3,554696 0
3,022815 2,739569 0,1304312 0
4,440724 2,4574 0,4126004 0
2,878465 2,055132 0,8148682 0
1,965807 1,93883 0,9311702 0
0,7893749 1,423182 1,446819 0
4,434165 -0,8252383 3,695239 0
0,9193235 1,764478 1,105522 0
3,075844 3,04033 -0,1703295 0
4,074307 0,5989255 2,271075 0
0,3053755 1,790387 1,079613 0
3,080714 -2,358544 5,228544 0
1,912649 1,544301 1,3257 0
4,108792 1,064366 1,805635 0
3,970514 1,582441 1,28756 0
2,524974 1,352365 1,517635 0
1,455915 2,581142 0,2888583 0
2,13806 2,47063 0,39937 0
4,475423 3,292508 -0,4225074 0
0,3288846 0,9483113 1,921689 0
0,4821106 2,382573 0,4874276 0
4,226886 -1,453897 4,323897 0
1,61499 1,02001 1,84999 0
0,9887228 1,693605 1,176395 0
0,7149603 1,145586 1,724414 0
3,806394 0,65144 2,21856 0
1,337968 -0,00204026 2,872041 0
3,533679 1,030138 1,839862 0
3,938724 2,738622 0,1313787 0
3,913063 3,238595 -0,3685944 0
1,015569 1,355758 1,514242 0
0,329866 1,601486 1,268514 0
2,422814 -1,357626 4,227627 0
2,114108 0,6713319 2,198669 0
1,374485 1,018425 1,851575 0
3,967995 2,08797 0,7820302 0
2,935514 2,111385 0,7586156 0
1,20491 1,764457 1,105543 0
3,803867 -0,6181034 3,488104 0
3,218196 0,02002391 2,849977 0
2,047017 -1,423319 4,29332 0
3,782811 2,048902 0,8210987 0
3,18498 1,444382 1,425618 0
3,131958 -0,6562245 3,526225 0
3,787891 1,515705 1,354296 0
0,6628736 2,199044 0,6709558 0
0,6408608 0,8944287 1,975572 0
0,7591825 1,160689 1,709311 0
0,3264324 1,281914 1,588086 0
2,350986 1,307409 1,562592 0
1,710186 1,839311 1,03069 0
0,3524767 1,09259 1,77741 0
3,533523 0,4620561 2,407944 1
0,2798367 0,9962194 1,873781 0
2,138278 0,09910941 2,770891 0
3,343871 0,9720097 1,897991 0
4,341069 0,3545955 2,515405 0
1,873005 2,044698 0,8253029 0
4,091886 0,4094269 2,460573 0
1,765748 1,357699 1,512301 0
3,60752 2,147943 0,7220578 0
1,369118 1,339662 1,530338 0
1,882904 0,6701435 2,199857 0
3,29458 2,316041 0,5539589 0
1,051885 2,267831 0,6021694 0
0,1246669 1,331248 1,538752 0
1,374413 1,362843 1,507157 0
4,439263 0,1175251 2,752475 0
1,441468 1,247404 1,622597 0
1,584825 2,270252 0,5997487 0
2,857531 -2,769881 5,639882 0
0,71953 1,636607 1,233393 0
3,083351 0,6156456 2,254355 0
1,977112 0,003048379 2,866952 0
1,300923 0,2813579 2,588643 0
0,4996093 2,133692 0,7363081 0
2,784359 0,6666708 2,20333 0
0,6210824 1,884089 0,9859115 0
0,8899609 1,508006 1,361994 0
2,457865 -0,3417159 3,211716 0
3,520556 2,756045 0,1139557 0
3,90115 2,055942 0,8140583 0
1,929035 1,915275 0,9547251 0
3,188304 1,656435 1,213565 0
1,402172 2,09764 0,7723607 0
3,801937 -1,646499 4,5165 0
1,389689 2,5719 0,2981002 0
4,358192 1,899317 0,9706833 0
1,42634 2,67228 0,1977201 0
0,2559621 1,032612 1,837389 0
0,6613238 1,646138 1,223862 0
3,237656 1,316353 1,553648 0
1,102281 0,2550355 2,614965 0
0,8246855 1,069902 1,800099 0
4,173006 3,111418 -0,2414181 0
3,448517 1,864142 1,005858 0
2,316612 3,079134 -0,2091333 0
4,543 -2,637084 5,507084 0
0,933413 0,8655055 2,004495 0
0,6718739 1,236672 1,633328 0
4,397674 1,317531 1,55247 0
0,3100334 0,9971117 1,872889 0
1,877225 -1,032191 3,902192 0
2,521042 1,783894 1,086107 0
1,520749 1,009925 1,860075 0
0,4283483 1,052953 1,817047 0
2,520288 -2,437242 5,307242 0
3,01727 2,601996 0,2680047 0
1,652783 1,79982 1,07018 0
3,915443 0,08664578 2,783355 0
2,31178 2,790647 0,07935303 0
0,3986887 1,876032 0,993968 0
2,133407 3,046738 -0,1767375 0
0,8106625 1,321114 1,548886 0
3,579858 2,684461 0,1855396 0
2,208546 1,007795 1,862206 0
2,882505 0,1582952 2,711705 0
1,669448 2,579634 0,2903667 0
3,1374 1,591371 1,278629 0
2,909645 3,963466 -1,093466 0
0,05936133 1,374016 1,495984 0
2,12238 -2,177788 5,047789 0
0,001214366 1,009316 1,860684 0
3,162878 -0,4351119 3,305112 0
3,557858 3,60655 -0,7365501 0
2,208937 -0,1153691 2,985369 0
1,039429 1,629991 1,240009 0
3,968326 0,3883258 2,481675 0
2,691089 -0,5074036 3,377404 0
3,821163 -0,4922301 3,36223 0
2,988122 1,634253 1,235747 0
3,361679 -1,755381 4,625382 0
3,011574 3,877774 -1,007774 0
2,461848 1,55262 1,31738 0
0 0 0 0
3,419524 3,198278 -0,3282779 0
3,820247 3,232973 -0,3629723 0
4,543 -0,8397741 3,709774 0
3,002106 2,61832 0,2516798 0
4,282066 -0,8961241 3,766124 0
1,6522 -1,235147 4,105147 0
2,510072 0,2771026 2,592898 0
1,440433 1,854321 1,015679 0
3,796358 1,220556 1,649444 0
1,418387 1,171467 1,698533 0
0,5626099 1,404239 1,465762 0
2,037776 2,47669 0,3933105 0
4,436853 2,037584 0,8324165 0
2,409369 1,117295 1,752705 0
0,2622568 0,984894 1,885106 0
1,188816 1,509734 1,360266 0
4,475321 0,8068845 2,063116 0
0,6783266 1,72016 1,149841 0
2,813935 0,4651607 2,40484 0
3,259304 -2,766701 5,636701 0
3,153882 3,043141 -0,1731408 0
0,6408049 1,522011 1,347989 0
2,223061 1,857401 1,012599 0
0,5071558 0,5830553 2,286945 0
3,539798 5,154969 -2,284968 0
0,7924228 1,13404 1,735961 0
2,446403 -1,085057 3,955057 0
3,953153 -1,219989 4,08999 0
4,492606 3,069034 -0,1990333 0
0,8755455 0,985177 1,884823 0
1,977168 1,294929 1,575071 0
3,868929 0,4806135 2,389387 0
4,038499 0,9493543 1,920646 0
1,440743 0,4651921 2,404808 0
1,485197 2,385552 0,4844483 0
2,78513 1,367793 1,502207 0
2,904469 1,944997 0,9250038 0
2,795554 0,5003893 2,369611 0
1,346156 2,086178 0,7838219 0
2,755887 -0,360751 3,230752 0
1,076851 1,169135 1,700865 0
2,252989 -0,1922358 3,062236 0
3,196757 3,063661 -0,1936608 0
4,081652 -0,9139961 3,783997 0
4,433843 3,542375 -0,6723746 0
2,900372 2,277202 0,5927988 0
3,331963 1,631337 1,238663 0
4,47595 -1,194256 4,064257 0
1,710858 2,592596 0,2774041 0
3,773393 4,236737 -1,366736 0
3,736581 2,151859 0,7181411 0
2,988757 2,781897 0,08810315 0
1,186283 1,89181 0,9781905 0
1,54952 -0,0921836 2,962184 0
0,09174142 1,094246 1,775755 0
3,580525 -1,239039 4,10904 0
1,308681 1,71382 1,156181 0
4,219212 1,86243 1,00757 0
4,434867 0,04557805 2,824422 0
1,745601 1,460365 1,409635 0
2,975113 1,038464 1,831536 0
3,315288 5,103075 -2,233074 1
4,391381 0,06063797 2,809362 0
2,074538 -1,024192 3,894192 0
0,7253668 1,944331 0,9256694 0
2,750973 -0,7067432 3,576744 0
1,611289 1,76828 1,101721 0
1,611257 2,259235 0,6107652 0
4,074565 -1,58314 4,453141 0
0,3439904 0,4540618 2,415939 0
1,092439 1,727768 1,142233 0
2,386606 2,148958 0,7210422 0
3,186324 -1,911405 4,781405 0
4,180187 3,172151 -0,3021507 0
0,6936098 2,409454 0,4605463 0
0,3707649 0,9279426 1,942058 0
3,969381 1,322506 1,547495 0
1,111775 0,7417136 2,128287 0
3,89028 -1,641038 4,511038 0
2,555444 2,057657 0,8123432 0
1,207642 2,744112 0,1258887 1
3,343776 3,331921 -0,4619203 0
3,297497 1,683993 1,186007 0
3,880158 1,242684 1,627317 0
1,730646 2,552468 0,3175321 0
1,956726 0,1281948 2,741806 0
2,068832 1,086933 1,783067 0
1,281223 0,7888139 2,081187 0
3,266329 2,700763 0,169237 0
0,6845953 1,855723 1,014277 0
4,216189 -1,307518 4,177519 0
2,173455 0,6615915 2,208409 0
3,316392 1,940572 0,9294286 0
1,826638 -0,7996601 3,669661 0
3,495171 4,673944 -1,803944 0
1,285654 -0,5926603 3,462661 0
1,435415 1,921923 0,9480777 0
4,267757 3,458521 -0,5885202 0
1,436731 1,275021 1,594979 0
3,321676 2,479739 0,3902617 0
0,968013 2,284696 0,5853043 0
0,0221779 0,329386 2,540614 0
0,5524569 0,8633396 2,006661 0
4,376325 -1,147533 4,017533 0
2,41724 -2,017048 4,887049 0
2,044256 1,317914 1,552086 0
4,374637 0,5661385 2,303862 0
2,170021 3,454028 -0,5840272 0
0,1338943 1,311338 1,558662 0
1,209578 1,490419 1,379581 0
3,918279 0,3000841 2,569916 0
3,628289 2,23835 0,63165 0
2,32796 0,5504472 2,319553 0
4,24348 1,039927 1,830073 0
1,072962 2,013638 0,8563628 0
0,3478335 1,200663 1,669337 0
1,016082 2,056312 0,8136882 0
1,949315 0,1037682 2,766232 0
2,890012 1,063257 1,806743 0
1,222638 1,038888 1,831113 0
1,895157 -1,808779 4,67878 0
3,133293 0,7796445 2,090356 0
1,407717 1,362843 1,507157 0
0,00335443 0,6381366 2,231864 0
2,656328 3,025948 -0,1559477 0
2,167173 0,5228453 2,347155 0
4,066498 0,7703315 2,099669 0
2,941461 -1,707819 4,577819 0
2,477632 -0,866706 3,736706 0
2,060413 0,9066908 1,96331 0
1,709898 2,565667 0,304333 0
0,3912036 1,679326 1,190674 0
3,04574 1,389874 1,480127 0
4,289375 0,9915195 1,878481 0
2,819458 0,07696891 2,793031 0
2,894723 1,443234 1,426767 0
2,491295 -0,1590409 3,029041 0
4,180782 1,582542 1,287459 0
3,432707 -0,3462843 3,216285 0
1,11206 2,337371 0,5326297 0
3,511394 1,319309 1,550692 0
4,543 -1,103165 3,973166 0
1,278226 1,968384 0,9016166 0
3,129726 -0,4607902 3,330791 0
3,93647 1,218211 1,651789 0
0,2642511 2,187036 0,6829642 0
3,416962 2,649255 0,2207454 0
4,263183 1,494171 1,375829 0
4,543 -1,03576 3,90576 0
3,503317 1,086857 1,783143 0
3,685941 0,9879321 1,882068 0
0,5140235 1,706795 1,163205 0
0,6451659 0,8791611 1,990839 0
0,7797668 1,494529 1,375472 0
1,67732 2,341661 0,5283394 0
1,940242 2,229304 0,640696 0
4,342478 -2,856594 5,726594 0
0,6960169 0,8324776 2,037523 0
1,237262 2,014178 0,8558224 0
3,154835 1,523411 1,34659 0
0,6997879 1,163332 1,706668 0
3,53184 -1,749574 4,619575 0
0,3045233 0,8259218 2,044079 0
4,005089 -1,116079 3,986079 0
4,441035 -1,775614 4,645614 0
3,361581 4,82181 -1,95181 1
1,405619 0,537468 2,332532 0
0,1738025 1,102665 1,767335 0
2,548135 -0,842526 3,712526 0
4,475732 1,119034 1,750966 0
0,2376705 1,068127 1,801873 0
0,04571291 0,8711819 1,998818 0
0,1732671 0,5570357 2,312965 0
3,116708 0,4626133 2,407387 0
2,789266 1,58819 1,28181 0
1,981268 1,036889 1,833111 0
2,781611 -2,543141 5,413141 0
4,007717 -0,1975142 3,067514 0
4,470363 2,106241 0,7637594 0
2,53283 3,042908 -0,1729074 0
0,3672916 1,015875 1,854126 0
0,7078524 0,9018261 1,968174 0
0,9487875 2,017138 0,8528624 1
3,770849 -0,5079073 3,377907 0
1,657504 0,3098998 2,560101 0
1,438008 1,016806 1,853194 0
2,752367 0,0292449 2,840755 0
1,784787 1,74379 1,12621 0
3,662123 2,100034 0,7699661 0
3,927206 4,020467 -1,150467 0
1,554341 2,775675 0,09432567 0
0,2323754 0,5390655 2,330935 0
1,514973 1,099291 1,77071 0
0,7078326 0,659795 2,210205 0
1,484982 1,113593 1,756407 0
0,6068993 0,4198595 2,450141 0
4,291279 1,483434 1,386567 0
1,690448 0,6742744 2,195726 0
0,8469751 0,7398053 2,130195 0
1,308413 2,508898 0,3611027 0
3,467044 -0,2497367 3,119737 0
0,4126851 1,269958 1,600042 0
0,7288523 1,478584 1,391416 0
4,121054 1,623426 1,246575 0
3,301606 -2,522725 5,392725 0
1,333628 1,034997 1,835004 0
2,371532 -0,6203833 3,490384 0
1,714284 0,7473875 2,122613 0
4,188416 -0,5373991 3,407399 0
4,341536 1,27715 1,592851 0
2,846694 1,923097 0,9469038 0
3,701011 1,153698 1,716303 0
4,385391 1,368287 1,501713 1
2,84897 1,980736 0,8892645 0
2,449431 -0,7305667 3,600567 0
4,208145 -0,607922 3,477922 0
3,332694 0,02357942 2,846421 0
1,17842 2,085536 0,7844639 0
2,112036 -0,03973939 2,90974 0
0,7995732 2,092487 0,7775136 0
0,3014049 0,8363589 2,033641 0
4,343951 2,108782 0,7612184 0
2,050675 3,432736 -0,5627353 0
2,5332 2,009469 0,8605312 0
1,860137 2,095136 0,7748643 0
2,666184 0,5964317 2,273569 0
4,183891 -1,980928 4,850929 0
1,991259 2,031344 0,8386562 0
4,476334 2,269274 0,6007262 0
4,271969 4,053668 -1,183667 0
4,140285 -2,405174 5,275175 0
2,462042 2,038381 0,8316192 0
2,480992 3,177866 -0,3078656 0
0,4707023 0,6116056 2,258395 0
0,9304692 2,417591 0,452409 0
2,856863 0,4903922 2,379608 0
4,491609 -0,1140614 2,984062 0
0,3006263 1,3968 1,473201 0
1,548767 2,57653 0,2934703 0
1,767393 2,815068 0,05493283 0
4,216123 2,190848 0,6791521 0
2,313325 0,8182018 2,051799 0
2,786481 -0,6652383 3,535239 0
1,938799 0,5721097 2,297891 0
1,270183 0,8658118 2,004189 0
1,658025 2,048531 0,8214693 0
0,2290847 0,7618392 2,108161 0
3,547559 -2,231459 5,10146 0
-0,0145907 1,349876 1,520125 0
3,430875 -0,9568251 3,826826 0
3,51553 0,8296273 2,040373 0
3,392685 1,051126 1,818875 0
1,866286 1,260216 1,609784 0
2,492012 1,152273 1,717727 0
1,650745 2,26375 0,6062508 0
1,572617 0,3847003 2,4853 0
1,658708 0,8337308 2,03627 0
4,071829 0,9493543 1,920646 0
2,992396 -2,058429 4,92843 0
-0,002297588 1,748029 1,121972 0
4,002407 2,323018 0,5469824 0
2,764917 0,6856184 2,184382 0
3,559805 -1,00485 3,874851 0
1,119895 1,17231 1,69769 0
1,751943 -2,162993 5,032993 0
2,889431 0,5033574 2,366643 0
3,559288 1,313186 1,556815 0
2,67418 2,147882 0,722119 0
2,31178 2,790647 0,07935303 0
1,360936 1,782427 1,087573 0
0,2843302 1,18013 1,68987 0
3,450965 -2,119923 4,989923 0
1,206324 1,650752 1,219248 0
3,160459 -1,962981 4,832982 0
4,274492 1,331507 1,538494 0
1,384385 2,077789 0,7922112 0
0,6567666 1,136355 1,733645 0
0,3326731 0,99685 1,87315 0
2,699994 2,0346 0,8354001 0
2,55213 1,519125 1,350875 0
3,612661 0,5846863 2,285314 0
0,9801512 0,9274557 1,942545 0
0,8436586 0,7866352 2,083365 0
2,572202 1,83069 1,03931 0
2,458981 1,115606 1,754395 0
3,048969 -0,3180737 3,188074 0
0,1979518 2,249929 0,6200716 0
2,957418 -0,2587101 3,128711 0
2,677741 0,5901914 2,279809 0
4,377567 0,7328463 2,137154 0
2,836828 4,167626 -1,297626 1
0,3404059 1,053067 1,816933 0
2,993608 -0,8038139 3,673814 0
0,04523142 1,937605 0,9323949 0
1,715946 1,871394 0,998606 0
4,040924 1,590467 1,279533 0
2,51957 2,226035 0,6439653 0
3,763797 -0,5671484 3,437149 0
2,792804 2,640448 0,2295523 0
2,95974 1,629981 1,240019 0
4,543 3,096623 -0,2266224 0
2,211912 -0,1520579 3,022058 0
-0,05253609 0,69701 2,17299 0
0,8678238 1,842818 1,027182 0
1,236179 2,656195 0,2138051 0
0,130037 1,746276 1,123724 0
3,608452 3,497314 -0,6273142 0
2,208992 0,6364036 2,233597 0
3,833893 -0,06407058 2,934071 0
3,74874 -1,042377 3,912378 0
0,1807313 0,6773736 2,192627 0
0,3847891 1,132552 1,737449 0
2,013626 -1,928943 4,798944 0
3,517285 3,664033 -0,7940331 0
3,576447 3,639038 -0,7690378 0
0,2119211 0,5397534 2,330247 0
0,9741811 2,367851 0,5021489 0
3,83478 3,789691 -0,9196907 0
0,1950226 0,8665379 2,003462 0
1,329655 0,1095277 2,760473 0
2,151741 3,111445 -0,2414446 0
2,756997 1,471568 1,398433 0
1,468839 2,084224 0,7857766 0
2,314448 -0,9460804 3,816081 0
0,5655058 1,651031 1,218969 0
4,026064 0,05858493 2,811415 0
4,507215 0,04621413 2,823786 0
1,22297 1,244914 1,625087 0
0,4614826 1,317971 1,552029 0
4,063853 1,413334 1,456666 0
4,004998 1,557253 1,312748 0
4,543 -0,4887824 3,358783 0
2,611488 2,107091 0,7629094 0
3,192772 2,417429 0,452571 0
0,505417 1,909562 0,9604385 0
0,4461223 1,62622 1,24378 0
2,187228 -0,962142 3,832142 0
2,927171 0,2186096 2,651391 0
2,324628 0,8932831 1,976717 0
1,479169 0,3091363 2,560864 0
1,405682 2,35094 0,5190606 0
0,411568 2,162193 0,7078075 0
0,8274375 1,708029 1,161972 0
3,65575 2,05836 0,8116404 0
2,001207 2,303384 0,5666161 0
1,154168 2,25354 0,6164604 0
2,770161 -2,2921 5,1621 0
2,968068 1,714692 1,155308 0
0,4359047 1,172408 1,697592 0
3,301543 1,031064 1,838937 0
-0,01782981 0,4687307 2,40127 0
0,1851073 1,365676 1,504324 0
3,971524 3,256978 -0,3869779 0
-0,07809927 0,3379647 2,532036 0
3,603679 -1,618623 4,488624 0
1,625174 1,641344 1,228656 0
2,621547 2,47446 0,3955402 0
4,030373 0,1161824 2,753818 0
0,3157925 0,9844602 1,88554 0
2,836982 0,1206992 2,749301 0
1,942012 -0,9245203 3,794521 0
2,321835 -0,3886709 3,258671 0
0,3621578 1,096568 1,773432 0
2,234599 2,452731 0,4172692 0
4,034679 1,110674 1,759326 0
3,461405 0,841817 2,028183 0
0,8175013 2,098527 0,7714736 0
2,343771 1,526356 1,343645 0
0,8810756 1,747854 1,122146 0
0,181287 1,027331 1,842669 0
2,085876 -0,7453141 3,615314 0
1,000842 0,5583761 2,311624 0
1,602681 1,559375 1,310625 0
3,795248 2,347851 0,5221497 0
0,3480673 1,947859 0,9221413 0
1,716405 2,70077 0,1692302 0
2,231113 -1,34584 4,21584 0
0,2078689 1,272734 1,597266 0
2,335891 1,846058 1,023942 0
4,543 1,779384 1,090616 0
0,9104584 1,490984 1,379016 0
1,92021 1,266565 1,603436 0
1,006173 1,727334 1,142666 0
0,4576733 1,008608 1,861393 0
0,8220245 2,099826 0,7701741 0
1,911674 1,889951 0,9800497 0
-0,01130889 1,124348 1,745652 0
3,001442 -1,505141 4,375142 0
3,7366 -0,6340817 3,504082 0
1,913164 -1,794519 4,66452 0
3,428181 2,529486 0,3405147 0
2,140013 2,207882 0,6621178 0
1,243034 0,3422551 2,527745 0
2,55551 2,711231 0,1587692 0
3,873457 3,971099 -1,101099 0
2,959904 -2,523131 5,393131 0
1,608719 1,23716 1,63284 0
1,389689 2,5719 0,2981002 0
3,532023 -1,220741 4,090741 0
4,488208 -0,922142 3,792142 0
4,543 0,6143643 2,255636 0
3,533737 -0,6961032 3,566103 0
1,6079 0,2778718 2,592129 0
2,90468 -2,571617 5,441617 0
3,274633 3,505852 -0,6358511 0
0,5155678 1,126983 1,743017 0
2,791972 1,755187 1,114813 0
2,860591 1,423002 1,446998 0
0,477788 0,3437209 2,526279 0
4,307186 -0,8731167 3,743117 0
0,671979 0,7707839 2,099216 0
4,509564 2,751655 0,1183458 0
1,566351 1,388745 1,481256 0
3,97724 1,118452 1,751548 0
2,337338 1,920519 0,9494816 0
1,674078 0,3698795 2,500121 0
1,146585 1,4204 1,449601 0
2,546982 2,59466 0,2753406 0
1,328728 2,096982 0,7730179 0
2,022025 2,58105 0,2889507 0
4,501789 0,3591996 2,510801 0
1,76373 -1,590912 4,460912 0
0,07830085 0,4791668 2,390834 0
0,1082726 1,13613 1,733871 0
2,381273 2,85868 0,01131982 0
0,599791 1,057768 1,812233 0
0,642992 1,462407 1,407593 0
0,1485095 1,051996 1,818005 0
0,7866647 0,8208709 2,049129 0
2,672892 3,58812 -0,7181191 0
2,94321 -0,3085761 3,178576 0
0,9271545 1,573591 1,296409 0
2,854333 -0,8630672 3,733068 0
0,5661052 1,183672 1,686328 0
1,977112 0,003048379 2,866952 0
1,260013 1,531168 1,338832 0
2,156994 0,008716345 2,861284 0
0,3959875 1,288123 1,581878 0
3,835302 -1,569663 4,439663 0
3,836196 1,972174 0,8978263 0
3,488958 2,113068 0,7569323 0
2,488605 1,440965 1,429035 0
2,08154 1,255625 1,614375 0
0,5314858 1,31682 1,553181 0
1,395269 0,7740427 2,095958 0
0,827422 1,241649 1,628352 0
0,4555928 1,524154 1,345846 0
2,750973 -0,7067432 3,576744 0
1,551492 2,236579 0,6334208 0
2,905818 -0,935343 3,805343 0
3,295623 1,905468 0,9645324 0
1,012113 2,336635 0,533365 0
1,197863 1,673915 1,196086 0
4,025096 2,534519 0,3354809 0
2,557873 -0,4509518 3,320952 0
0,5779387 1,37957 1,49043 0
2,99342 -0,4021159 3,272116 0
4,424023 1,811886 1,058114 0
2,111642 3,06214 -0,192139 0
0,9060545 1,083917 1,786084 0
3,172379 2,807951 0,06204903 0
3,030515 -0,5928314 3,462832 0
4,330234 0,3251646 2,544836 0
0,4682915 1,136199 1,733801 0
3,532253 -0,8815863 3,751587 0
0,04626254 1,364721 1,50528 0
0,9488334 0,6096763 2,260324 0
1,325436 3,12398 -0,2539791 0
1,758025 2,326127 0,5438732 0
0,0005547069 0,8754508 1,99455 0
4,183931 1,082009 1,787992 0
2,330631 2,271363 0,5986369 0
1,866223 2,482153 0,3878471 0
0,6086094 1,324595 1,545405 0
4,120952 -0,3256135 3,195614 0
0,4011911 0,8481202 2,02188 0
4,038644 0,3068607 2,56314 0
4,136622 3,415531 -0,545531 0
0,352252 0,5035931 2,366407 0
0,1065347 0,5384376 2,331563 0
3,471065 -0,5452947 3,415295 0
3,02641 1,561629 1,308371 0
2,004992 0,0467025 2,823298 0
3,937811 1,072558 1,797442 0
0,1579836 2,385382 0,4846187 1
3,500357 1,459953 1,410047 0
1,49037 -0,9694726 3,839473 0
3,306651 0,613534 2,256467 0
0,5749026 1,020109 1,849891 0
0,7252324 1,728054 1,141946 0
3,395781 2,543984 0,3260165 0
4,027678 0,9511636 1,918837 0
1,676165 1,919097 0,9509038 0
2,480998 2,074636 0,7953641 0
3,686521 0,3022134 2,567787 0
3,599962 2,923831 -0,05383074 0
0,151157 1,810029 1,059971 0
2,661986 -1,638028 4,508028 0
1,19856 2,127931 0,7420695 0
4,387366 -0,003339291 2,87334 0
3,239053 1,953667 0,9163337 0
2,317123 -2,056113 4,926113 0
2,682313 3,601286 -0,7312857 0
1,488799 2,743259 0,1267416 0
3,775437 -1,532642 4,402642 0
3,391641 -1,335022 4,205023 0
3,724066 0,5558348 2,314166 0
4,256892 2,741519 0,1284814 0
2,525075 0,5104392 2,359561 0
4,061469 1,86762 1,00238 0
0,216093 0,5034387 2,366562 0
1,056602 1,861376 1,008625 0
3,090297 4,184214 -1,314214 0
4,440979 2,429795 0,4402053 0
2,333225 1,865341 1,004659 0
1,279374 -0,2279506 3,097951 0
2,183769 2,125655 0,7443454 0
3,870833 -1,488903 4,358903 0
2,640707 2,550903 0,3190973 0
0,7087018 0,905551 1,964449 0
3,403152 -0,7107387 3,580739 0
4,113167 3,184117 -0,3141169 0
3,055296 0,3143172 2,555683 0
4,021118 -0,2470151 3,117015 0
4,287361 4,641359 -1,771359 0
0,7336475 1,697664 1,172337 0
2,118581 3,756314 -0,8863139 0
0,3092647 0,9790578 1,890943 0
3,195224 1,985393 0,8846077 0
0,791527 2,336625 0,5333757 0
1,23806 2,09726 0,772741 0
1,430553 2,121012 0,7489883 0
4,492228 3,387212 -0,5172114 0
0,001311373 0,707927 2,162073 0
3,828863 1,31496 1,555041 0
0,3250815 0,4981051 2,371895 0
3,133067 1,063051 1,806949 0
1,412446 2,511065 0,3589356 0
0,09177445 1,047363 1,822637 0
0,130948 0,7670646 2,102936 0
3,526625 0,8273826 2,042618 0
0,6251002 2,064134 0,8058668 0
3,015498 2,777035 0,09296572 0
2,611902 -1,923975 4,793976 0
3,864613 2,146442 0,7235585 0
1,57397 -0,061584 2,931584 0
2,386491 1,082101 1,787899 0
1,970956 1,081681 1,788319 0
4,21425 -0,9620919 3,832092 1
3,660722 2,178505 0,6914955 0
0,302656 0,8566746 2,013326 0
2,43962 0,9385975 1,931403 0
3,580525 -1,239039 4,10904 0
0,2317259 0,7974489 2,072551 0
1,229476 2,468492 0,4015083 0
3,551964 -2,025111 4,895112 0
1,865388 -0,5420244 3,412025 0
3,359063 2,63323 0,2367702 0
4,361623 -0,2494243 3,119425 0
3,199183 -0,6539445 3,523945 0
1,488899 2,936711 -0,06671017 1
1,592493 -0,2119674 3,081968 0
4,543 2,005714 0,8642861 0
0,5029012 0,7552855 2,114715 0
0,5023258 1,005685 1,864315 0
2,346308 2,142426 0,7275741 0
3,665176 -1,387294 4,257295 0
3,127889 2,181486 0,6885144 0
4,452719 0,4760315 2,393969 0
2,152309 2,885118 -0,01511747 0
2,687793 1,011138 1,858863 0
2,294285 1,928052 0,9419484 0
2,940035 4,016955 -1,146955 0
3,944767 3,627651 -0,7576507 0
4,067421 0,977824 1,892176 0
4,504914 2,382115 0,4878855 0
2,729453 -0,1766114 3,046612 0
1,505147 0,8892252 1,980775 0
3,375723 1,478639 1,391361 0
2,88715 0,2263554 2,643645 0
4,339756 0,682982 2,187018 0
2,622731 3,483815 -0,6138151 0
2,752676 0,4902613 2,379739 0
0,2029492 0,8880696 1,981931 0
0,06074209 0,7812055 2,088795 0
-0,004439428 1,521011 1,348989 0
3,39582 -0,6502829 3,520283 0
0,240502 0,8595375 2,010463 0
-0,04476633 0,3363208 2,533679 0
2,491186 2,959904 -0,08990389 0
2,955889 1,80928 1,06072 0
2,251117 2,73611 0,1338901 0
0,4102438 2,210871 0,6591291 0
1,800454 -2,30555 5,17555 0
4,341734 1,411885 1,458115 0
1,658495 3,576291 -0,7062905 0
2,96226 -0,1784923 3,048493 0
-0,03252696 0,5033146 2,366686 0
3,497252 0,6435866 2,226414 0
3,672102 -0,06301463 2,933015 0
1,904892 -0,01011413 2,880115 0
0,3200113 1,433989 1,436011 0
4,061672 3,171808 -0,3018077 0
3,740241 2,152979 0,7170213 0
1,02693 1,370043 1,499957 0
3,665149 -0,4443078 3,314308 0
3,030306 -0,6395206 3,509521 0
0,1877851 0,8278393 2,042161 0
0,4932626 0,6157305 2,25427 0
3,63392 0,07632661 2,793674 0
3,05861 0,886723 1,983277 0
4,367935 4,056249 -1,186249 0
2,859072 2,22402 0,6459807 0
4,173821 -1,385953 4,255953 0
2,56612 1,425506 1,444494 0
1,021517 1,879097 0,9909037 0
1,651913 2,349368 0,5206327 0
0,9440269 2,117103 0,7528974 0
2,863485 0,4909847 2,379016 0
1,796354 1,820654 1,049346 0
2,172896 -0,4454398 3,31544 0
3,526259 1,293496 1,576505 0
3,190214 -0,230418 3,100418 0
2,058846 0,9959891 1,874011 0
2,285883 1,928196 0,9418039 0
3,585409 0,7259703 2,14403 0
2,162215 0,4042633 2,465737 0
4,132351 1,054096 1,815904 0
3,619842 1,506027 1,363973 0
0,7992246 1,542123 1,327877 0
3,305904 2,984669 -0,1146688 0
0,1677959 1,335346 1,534655 0
3,166339 2,039546 0,8304541 0
2,993718 0,7921686 2,077832 0
1,022712 1,478797 1,391203 0
2,477524 0,8665621 2,003438 0
1,573376 -0,117852 2,987852 0
0,9729347 2,011143 0,8588571 0
2,712512 2,812686 0,0573138 0
1,391218 2,011287 0,8587136 0
0,3327334 0,8373249 2,032676 0
3,623854 0,7020307 2,16797 0
2,056699 1,807773 1,062227 0
1,431039 2,291225 0,578775 0
3,548478 3,021931 -0,1519307 1
2,109552 -1,674281 4,544281 0
0,170556 1,290074 1,579926 0
0,3613923 0,5797969 2,290204 0
1,724692 2,229671 0,6403292 0
3,518096 0,6719227 2,198078 0
2,690565 2,303927 0,5660733 0
0,7646216 0,33578 2,53422 0
1,063167 2,558321 0,3116794 0
0,4600746 1,509058 1,360942 0
